{
  "tempo": 143.5546875,
  "beat_strength": 0.17898279428482056,
  "tempo_stability": 0.960085530676818,
  "time_signature": "3/4",
  "key": "D minor",
  "key_confidence": 0.6781832457232773,
  "mean_volume": 0.07674941420555115,
  "max_volume": 0.20662008225917816,
  "dynamic_range": 0.20312608778476715,
  "volume_change_rate": 0.042040564119815826,
  "energy": 0.7674941420555115,
  "spectral_centroid": 1303.0452382897306,
  "spectral_bandwidth": 1438.8198236289861,
  "spectral_rolloff": 2331.777566726732,
  "spectral_flatness": 0.009624415077269077,
  "zero_crossing_rate": 0.07099541348200464,
  "brightness": 0.010074866935610771,
  "harmonicity": 0.5,
  "roughness": 0.5,
  "danceability": 0.08949139714241028,
  "attack_strength": 0.5,
  "acousticness": 0.5,
  "sections": 2,
  "chorus_likelihood": 0.026247659320640635,
  "instruments": {
    "ピアノ": 0.3,
    "ギター": 0.3,
    "ドラム": 0.3,
    "ベース": 0.3,
    "シンセサイザー": 0.3,
    "ボーカル": 0.3
  }
}